304
306
754
755
778
820
827
829
836
838
840
842
844
846
856
858
861
867
869
1023
1059
2254
2258
2286
2290
2294
2313
2316
2319
2323
2325
2328
2417
2429
2433
2436
2440
2447
2452
2455
2456
2460
2463
2465
2467
2470
2472
2475
2558
2561
2565
2568
2571
2574
2577
2578
2581
2655
2656
2659
2662
2665
2668
2671
2674
2679
2680
2683
2684
2687
2698
2700
2703
2707
2709
2712
2715
2718
2721
2723
2725
2728
2732
2734
2737
2740
2742
2745
2748
2751
2753
2756
2759
2762
2765
2768
2771
2774
2778
2780
2783
2785
2787
2790
2793
2796
2799
2800
2803
2806
2809
2812
2816
2820
2823
2824
2827
2830
2833
2836
2838
2841
2843
2846
2850
2854
2857
2860
2864
2867
2870
2872
2875
2877
2879
2883
2886
2889
2893
2895
2897
2900
2903
2906
2909
2912
2914
2917
2918
2922
2925
2929
2932
2935
2938
2941
2945
2949
2951
2953
2955
2958
2962
2966
2969
2971
2975
2979
2984
2985
2988
2992
2995
2998
3000
3002
3005
3008
3012
3017
3020
3025
3029
3031
3033
3036
3039
3042
3045
3048
3050
3052
3055
3058
3061
3064
3067
3070
3073
3075
3078
3082
3085
3088
3092
3095
3098
3102
3104
3106
3109
3112
3115
3119
3122
3125
3128
3132
3135
3136
3139
3142
3145
3148
3152
3156
3159
3162
3163
3166
3169
3172
3177
3180
3185
3187
3189
3191
3194
3198
3201
3202
3205
3207
3210
3212
3216
3219
3221
3224
3226
3230
3233
3236
3239
3242
3246
3249
3252
3255
3258
3261
3264
3267
3270
3271
3275
3278
3281
3284
3288
3291
3294
3297
3301
3303
3307
3310
3313
3317
3320
3321
3324
3328
3331
3334
3336
3339
3343
3346
3349
3353
3355
3358
3362
3366
3369
3373
3376
3379
3382
3383
3386
3389
3393
3396
3399
3402
3406
3408
3411
3413
3415
3418
3422
3426
3428
3429
3432
3435
3439
3444
3447
3450
3453
3456
3459
3460
3463
3466
3469
3472
3475
3479
3482
3485
3489
3492
3495
3499
3501
3502
3507
3510
3514
3517
3518
3521
3524
3527
3530
3533
3536
3539
3542
3545
3548
3551
3554
3557
3560
3563
3566
3569
3571
3575
3579
3582
3584
3587
3590
3592
3595
3598
3601
3602
3605
3608
3610
3613
3617
3620
3623
3625
3628
3631
3634
3638
3639
3642
3645
3648
3651
3654
3657
3660
3661
3664
3667
3670
3674
3679
3682
3686
3689
3692
3696
3699
3702
3703
3706
3709
3712
3715
3718
3720
3722
3725
3728
3731
3734
3739
3742
3745
3748
3751
3755
3758
3760
3763
3767
3770
3773
3776
3778
3781
3784
3786
3788
3791
3792
3795
3798
3801
3804
3807
3810
3812
3814
3817
3821
3823
3826
3828
3832
3835
3837
3840
3843
3845
3847
3850
3854
3856
3859
3863
3866
3869
3873
3876
3879
3882
3885
3888
3891
3893
3896
3900
3904
3906
3910
3913
3918
3921
3924
3927
3929
3931
3934
3937
3941
3943
3946
3950
3952
3955
3957
3959
3963
3966
3969
3972
3975
3978
3979
3982
3987
3990
3993
3996
3998
4000
4003
4006
4010
4014
4018
4020
4024
4027
4030
4032
4034
4037
4041
4042
4045
4047
4050
4053
4057
4059
4061
4064
4068
4071
4073
4076
4078
4081
4085
4088
4090
4093
4094
4095
4099
4103
4111
4112
4113
4116
4120
4124
4126
4128
4131
4135
4138
4141
4142
4147
4152