3
4
5
12
13
14
15
31
53
54
55
56
57
58
59
60
61
62
63
64
65
66
75
76
77
78
79
96
97
100
101
102
103
104
105
106
107
108
110
112
136
194
293
295
296
343
345
347
348
350
352
564
566
568
571
573
575
577
579
581
583
585
586
588
590
592
594
597
599
601
603
605
607
609
611
612
614
615
618
621
623
625
627
629
630
633
635
637
639
641
666
668
670
672
691
693
695
696
803
805
807
809
826
828
831
832
834
835
837
839
849
851
853
855
857
859
860
862
865
876
878
881
884
886
888
890
892
900
902
904
907
910
912
914
915
917
919
1237
1240
1242
1243
1245
1247
1249
1393
1395
1396
1398
1400
1402
1429
1431
1443
1445
1447
1448
1474
1476
1477
1479
1481
1483
1485
1487
1488
1490
1493
1496
1498
1499
1501
1503
1510
1512
1517
1519
1521
1523
1524
1526
1528
1547
1548
1550
1552
1553
1556
1557
1758
1760
1761
1763
1765
1766
1768
1770
1772
1774
1777
1779
1781
1783
1784
1786
1793
1795
1797
1799
1801
1803
1805
1806
1808
1810
1813
1815
1817
1843
1846
1847
1849
1851
1853
1855
1856
1868
1870
1872
1874
1876
1878
1880
1882
1883
1885
1886
1888
1891
1894
2766
2769
2773
2794
2797
2856
2859
2861
2863
2866
2869
2873
2876
2880
2881
2884
2887
2890
2892
2896
2899
3063
3066
3069
3072
3076
3114
3117
3121
3124
3158
3160
3188
3195
3196
3199
3203
3206
3209
3225
3228
3240
3243
5085
5086