3811
3812
3813
3814
3815
3816
3817
3818
3819
3820
3823
3824
3825
3831
3837
3839
3840
3841
3842
3843
3844
3845
3847
3865
3927
3928
3929
3930
3931
3932
3933
3934
3935
3936
3937
3938
3941
3942
3943
3944
3945
3946
3947
3948
3949
3950
3951
3952
3953
3954
3955
3956
3957
3958
3959
3960
3961
3962
3963
3964
3965
3966
3967
3968
3969
3970
3971
3972
3973
3974
3975
3976
3977
3978
3979
3980
3981
3982
3983
3984
3985
3986
3987
3988
3989
3990
3991
3992
3993
3994
3995
3996
3997
3998
3999
4000
4001
4002
4003
4004
4005
4006
4007
4008
4009
4014
4015
4016
4017
4024
4025
4026
4027
4028
4029
4030
4031
4032
4033
4034
4035
4036
4037
4038
4039
4040
4041
4042
4046
4047
4048
4049
4065
4066
4067
4068
4069
4070
4071
4072
4073
4074
4075
4076
4077
4078
4079
4080
4081
4082
4083
4084
4085
4086
4087
4088
4089
4090
4091
4092
4093
4094
4095
4096
4097
4098
4099
4100
4101
4102
4105
4106
4110
4111
4112
4113
4114
4115
4116
4117
4123
4124
4125
4126
4127
4128
4129
4130
4131
4132
4133
4134
4135
4136
4137
4138
4139
4140
4141
4142
4143
4144
4145
4146
4147
4158
4159
4160
4161
4162
4172
4173
4174
4175
4180
4181
4184
4185
4186
4187
4188
4189
4190
4192
4193
4195
4469
4471