5.293800000000000239e+01
5.281300000000000239e+01
5.268800000000000239e+01
5.256300000000000239e+01
5.243800000000000239e+01
5.231300000000000239e+01
5.218800000000000239e+01
5.206300000000000239e+01
5.193800000000000239e+01
5.181300000000000239e+01
5.168800000000000239e+01
5.156300000000000239e+01
5.143800000000000239e+01
5.131300000000000239e+01
5.118800000000000239e+01
5.106300000000000239e+01
5.093800000000000239e+01
5.081300000000000239e+01
5.068800000000000239e+01
5.056300000000000239e+01
5.043800000000000239e+01
5.031300000000000239e+01
5.018800000000000239e+01
5.006300000000000239e+01
4.993800000000000239e+01
4.981300000000000239e+01
4.968800000000000239e+01
4.956300000000000239e+01
4.943800000000000239e+01
4.931300000000000239e+01
4.918800000000000239e+01
4.906300000000000239e+01
4.893800000000000239e+01
4.881300000000000239e+01
4.868800000000000239e+01
4.856300000000000239e+01
4.843800000000000239e+01
4.831300000000000239e+01
4.818800000000000239e+01
4.806300000000000239e+01
4.793800000000000239e+01
4.781300000000000239e+01
4.768800000000000239e+01
4.756300000000000239e+01
4.743800000000000239e+01
4.731300000000000239e+01
4.718800000000000239e+01
4.706300000000000239e+01
4.693800000000000239e+01
4.681300000000000239e+01
4.668800000000000239e+01
4.656300000000000239e+01
4.643800000000000239e+01
4.631300000000000239e+01
4.618800000000000239e+01
4.606300000000000239e+01
4.593800000000000239e+01
4.581300000000000239e+01
4.568800000000000239e+01
4.556300000000000239e+01
4.543800000000000239e+01
4.531300000000000239e+01
4.518800000000000239e+01
4.506300000000000239e+01
4.493800000000000239e+01
4.481300000000000239e+01
4.468800000000000239e+01
4.456300000000000239e+01
4.443800000000000239e+01
4.431300000000000239e+01
4.418800000000000239e+01
4.406300000000000239e+01
4.393800000000000239e+01
4.381300000000000239e+01
4.368800000000000239e+01
4.356300000000000239e+01
4.343800000000000239e+01
4.331300000000000239e+01
4.318800000000000239e+01
4.306300000000000239e+01
4.293800000000000239e+01
4.281300000000000239e+01
4.268800000000000239e+01
4.256300000000000239e+01
4.243800000000000239e+01
4.231300000000000239e+01
4.218800000000000239e+01
4.206300000000000239e+01
4.193800000000000239e+01
4.181300000000000239e+01
4.168800000000000239e+01
4.156300000000000239e+01
4.143800000000000239e+01
4.131300000000000239e+01
4.118800000000000239e+01
4.106300000000000239e+01
4.093800000000000239e+01
4.081300000000000239e+01
4.068800000000000239e+01
4.056300000000000239e+01
4.043800000000000239e+01
4.031300000000000239e+01
4.018800000000000239e+01
4.006300000000000239e+01
3.993800000000000239e+01
3.981300000000000239e+01
3.968800000000000239e+01
3.956300000000000239e+01
3.943800000000000239e+01
3.931300000000000239e+01
3.918800000000000239e+01
3.906300000000000239e+01
3.893800000000000239e+01
3.881300000000000239e+01
3.868800000000000239e+01
3.856300000000000239e+01
3.843800000000000239e+01
3.831300000000000239e+01
3.818800000000000239e+01
3.806300000000000239e+01
3.793800000000000239e+01
3.781300000000000239e+01
3.768800000000000239e+01
3.756300000000000239e+01
3.743800000000000239e+01
3.731300000000000239e+01
3.718800000000000239e+01
3.706300000000000239e+01
3.693800000000000239e+01
3.681300000000000239e+01
3.668800000000000239e+01
3.656300000000000239e+01
3.643800000000000239e+01
3.631300000000000239e+01
3.618800000000000239e+01
3.606300000000000239e+01
3.593800000000000239e+01
3.581300000000000239e+01
3.568800000000000239e+01
3.556300000000000239e+01
3.543800000000000239e+01
3.531300000000000239e+01
3.518800000000000239e+01
3.506300000000000239e+01
3.493800000000000239e+01
3.481300000000000239e+01
3.468800000000000239e+01
3.456300000000000239e+01
3.443800000000000239e+01
3.431300000000000239e+01
3.418800000000000239e+01
3.406300000000000239e+01
3.393800000000000239e+01
3.381300000000000239e+01
3.368800000000000239e+01
3.356300000000000239e+01
3.343800000000000239e+01
3.331300000000000239e+01
3.318800000000000239e+01
3.306300000000000239e+01
3.293800000000000239e+01
3.281300000000000239e+01
3.268800000000000239e+01
3.256300000000000239e+01
3.243800000000000239e+01
3.231300000000000239e+01
3.218800000000000239e+01
3.206300000000000239e+01
3.193799999999999883e+01
3.181299999999999883e+01
3.168799999999999883e+01
3.156299999999999883e+01
3.143799999999999883e+01
3.131299999999999883e+01
3.118799999999999883e+01
3.106299999999999883e+01
3.093799999999999883e+01
3.081299999999999883e+01
3.068799999999999883e+01
3.056299999999999883e+01
3.043799999999999883e+01
3.031299999999999883e+01
3.018799999999999883e+01
3.006299999999999883e+01
2.993799999999999883e+01
2.981299999999999883e+01
2.968799999999999883e+01
2.956299999999999883e+01
2.943799999999999883e+01
2.931299999999999883e+01
2.918799999999999883e+01
2.906299999999999883e+01
2.893799999999999883e+01
2.881299999999999883e+01
2.868799999999999883e+01
2.856299999999999883e+01
2.843799999999999883e+01
2.831299999999999883e+01
2.818799999999999883e+01
2.806299999999999883e+01
2.793799999999999883e+01
2.781299999999999883e+01
2.768799999999999883e+01
2.756299999999999883e+01
2.743799999999999883e+01
2.731299999999999883e+01
2.718799999999999883e+01
2.706299999999999883e+01
2.693799999999999883e+01
2.681299999999999883e+01
2.668799999999999883e+01
2.656299999999999883e+01
2.643799999999999883e+01
2.631299999999999883e+01
2.618799999999999883e+01
2.606299999999999883e+01
2.593799999999999883e+01
2.581299999999999883e+01
2.568799999999999883e+01
2.556299999999999883e+01
2.543799999999999883e+01
2.531299999999999883e+01
2.518799999999999883e+01
2.506299999999999883e+01
