-1.249380000000000024e+02
-1.248130000000000024e+02
-1.246880000000000024e+02
-1.245630000000000024e+02
-1.244380000000000024e+02
-1.243130000000000024e+02
-1.241880000000000024e+02
-1.240630000000000024e+02
-1.239380000000000024e+02
-1.238130000000000024e+02
-1.236880000000000024e+02
-1.235630000000000024e+02
-1.234380000000000024e+02
-1.233130000000000024e+02
-1.231880000000000024e+02
-1.230630000000000024e+02
-1.229380000000000024e+02
-1.228130000000000024e+02
-1.226880000000000024e+02
-1.225630000000000024e+02
-1.224380000000000024e+02
-1.223130000000000024e+02
-1.221880000000000024e+02
-1.220630000000000024e+02
-1.219380000000000024e+02
-1.218130000000000024e+02
-1.216880000000000024e+02
-1.215630000000000024e+02
-1.214380000000000024e+02
-1.213130000000000024e+02
-1.211880000000000024e+02
-1.210630000000000024e+02
-1.209380000000000024e+02
-1.208130000000000024e+02
-1.206880000000000024e+02
-1.205630000000000024e+02
-1.204380000000000024e+02
-1.203130000000000024e+02
-1.201880000000000024e+02
-1.200630000000000024e+02
-1.199380000000000024e+02
-1.198130000000000024e+02
-1.196880000000000024e+02
-1.195630000000000024e+02
-1.194380000000000024e+02
-1.193130000000000024e+02
-1.191880000000000024e+02
-1.190630000000000024e+02
-1.189380000000000024e+02
-1.188130000000000024e+02
-1.186880000000000024e+02
-1.185630000000000024e+02
-1.184380000000000024e+02
-1.183130000000000024e+02
-1.181880000000000024e+02
-1.180630000000000024e+02
-1.179380000000000024e+02
-1.178130000000000024e+02
-1.176880000000000024e+02
-1.175630000000000024e+02
-1.174380000000000024e+02
-1.173130000000000024e+02
-1.171880000000000024e+02
-1.170630000000000024e+02
-1.169380000000000024e+02
-1.168130000000000024e+02
-1.166880000000000024e+02
-1.165630000000000024e+02
-1.164380000000000024e+02
-1.163130000000000024e+02
-1.161880000000000024e+02
-1.160630000000000024e+02
-1.159380000000000024e+02
-1.158130000000000024e+02
-1.156880000000000024e+02
-1.155630000000000024e+02
-1.154380000000000024e+02
-1.153130000000000024e+02
-1.151880000000000024e+02
-1.150630000000000024e+02
-1.149380000000000024e+02
-1.148130000000000024e+02
-1.146880000000000024e+02
-1.145630000000000024e+02
-1.144380000000000024e+02
-1.143130000000000024e+02
-1.141880000000000024e+02
-1.140630000000000024e+02
-1.139380000000000024e+02
-1.138130000000000024e+02
-1.136880000000000024e+02
-1.135630000000000024e+02
-1.134380000000000024e+02
-1.133130000000000024e+02
-1.131880000000000024e+02
-1.130630000000000024e+02
-1.129380000000000024e+02
-1.128130000000000024e+02
-1.126880000000000024e+02
-1.125630000000000024e+02
-1.124380000000000024e+02
-1.123130000000000024e+02
-1.121880000000000024e+02
-1.120630000000000024e+02
-1.119380000000000024e+02
-1.118130000000000024e+02
-1.116880000000000024e+02
-1.115630000000000024e+02
-1.114380000000000024e+02
-1.113130000000000024e+02
-1.111880000000000024e+02
-1.110630000000000024e+02
-1.109380000000000024e+02
-1.108130000000000024e+02
-1.106880000000000024e+02
-1.105630000000000024e+02
-1.104380000000000024e+02
-1.103130000000000024e+02
-1.101880000000000024e+02
-1.100630000000000024e+02
-1.099380000000000024e+02
-1.098130000000000024e+02
-1.096880000000000024e+02
-1.095630000000000024e+02
-1.094380000000000024e+02
-1.093130000000000024e+02
-1.091880000000000024e+02
-1.090630000000000024e+02
-1.089380000000000024e+02
-1.088130000000000024e+02
-1.086880000000000024e+02
-1.085630000000000024e+02
-1.084380000000000024e+02
-1.083130000000000024e+02
-1.081880000000000024e+02
-1.080630000000000024e+02
-1.079380000000000024e+02
-1.078130000000000024e+02
-1.076880000000000024e+02
-1.075630000000000024e+02
-1.074380000000000024e+02
-1.073130000000000024e+02
-1.071880000000000024e+02
-1.070630000000000024e+02
-1.069380000000000024e+02
-1.068130000000000024e+02
-1.066880000000000024e+02
-1.065630000000000024e+02
-1.064380000000000024e+02
-1.063130000000000024e+02
-1.061880000000000024e+02
-1.060630000000000024e+02
-1.059380000000000024e+02
-1.058130000000000024e+02
-1.056880000000000024e+02
-1.055630000000000024e+02
-1.054380000000000024e+02
-1.053130000000000024e+02
-1.051880000000000024e+02
-1.050630000000000024e+02
-1.049380000000000024e+02
-1.048130000000000024e+02
-1.046880000000000024e+02
-1.045630000000000024e+02
-1.044380000000000024e+02
-1.043130000000000024e+02
-1.041880000000000024e+02
-1.040630000000000024e+02
-1.039380000000000024e+02
-1.038130000000000024e+02
-1.036880000000000024e+02
-1.035630000000000024e+02
-1.034380000000000024e+02
-1.033130000000000024e+02
-1.031880000000000024e+02
-1.030630000000000024e+02
-1.029380000000000024e+02
-1.028130000000000024e+02
-1.026880000000000024e+02
-1.025630000000000024e+02
-1.024380000000000024e+02
-1.023130000000000024e+02
-1.021880000000000024e+02
-1.020630000000000024e+02
-1.019380000000000024e+02
-1.018130000000000024e+02
-1.016880000000000024e+02
-1.015630000000000024e+02
-1.014380000000000024e+02
-1.013130000000000024e+02
-1.011880000000000024e+02
-1.010630000000000024e+02
-1.009380000000000024e+02
-1.008130000000000024e+02
-1.006880000000000024e+02
-1.005630000000000024e+02
-1.004380000000000024e+02
-1.003130000000000024e+02
-1.001880000000000024e+02
-1.000630000000000024e+02
-9.993800000000000239e+01
-9.981300000000000239e+01
-9.968800000000000239e+01
-9.956300000000000239e+01
-9.943800000000000239e+01
-9.931300000000000239e+01
-9.918800000000000239e+01
-9.906300000000000239e+01
-9.893800000000000239e+01
-9.881300000000000239e+01
-9.868800000000000239e+01
-9.856300000000000239e+01
-9.843800000000000239e+01
-9.831300000000000239e+01
-9.818800000000000239e+01
-9.806300000000000239e+01
-9.793800000000000239e+01
-9.781300000000000239e+01
-9.768800000000000239e+01
-9.756300000000000239e+01
-9.743800000000000239e+01
-9.731300000000000239e+01
-9.718800000000000239e+01
-9.706300000000000239e+01
-9.693800000000000239e+01
-9.681300000000000239e+01
-9.668800000000000239e+01
-9.656300000000000239e+01
-9.643800000000000239e+01
-9.631300000000000239e+01
-9.618800000000000239e+01
-9.606300000000000239e+01
-9.593800000000000239e+01
-9.581300000000000239e+01
-9.568800000000000239e+01
-9.556300000000000239e+01
-9.543800000000000239e+01
-9.531300000000000239e+01
-9.518800000000000239e+01
-9.506300000000000239e+01
-9.493800000000000239e+01
-9.481300000000000239e+01
-9.468800000000000239e+01
-9.456300000000000239e+01
-9.443800000000000239e+01
-9.431300000000000239e+01
-9.418800000000000239e+01
-9.406300000000000239e+01
-9.393800000000000239e+01
-9.381300000000000239e+01
-9.368800000000000239e+01
-9.356300000000000239e+01
-9.343800000000000239e+01
-9.331300000000000239e+01
-9.318800000000000239e+01
-9.306300000000000239e+01
-9.293800000000000239e+01
-9.281300000000000239e+01
-9.268800000000000239e+01
-9.256300000000000239e+01
-9.243800000000000239e+01
-9.231300000000000239e+01
-9.218800000000000239e+01
-9.206300000000000239e+01
-9.193800000000000239e+01
-9.181300000000000239e+01
-9.168800000000000239e+01
-9.156300000000000239e+01
-9.143800000000000239e+01
-9.131300000000000239e+01
-9.118800000000000239e+01
-9.106300000000000239e+01
-9.093800000000000239e+01
-9.081300000000000239e+01
-9.068800000000000239e+01
-9.056300000000000239e+01
-9.043800000000000239e+01
-9.031300000000000239e+01
-9.018800000000000239e+01
-9.006300000000000239e+01
-8.993800000000000239e+01
-8.981300000000000239e+01
-8.968800000000000239e+01
-8.956300000000000239e+01
-8.943800000000000239e+01
-8.931300000000000239e+01
-8.918800000000000239e+01
-8.906300000000000239e+01
-8.893800000000000239e+01
-8.881300000000000239e+01
-8.868800000000000239e+01
-8.856300000000000239e+01
-8.843800000000000239e+01
-8.831300000000000239e+01
-8.818800000000000239e+01
-8.806300000000000239e+01
-8.793800000000000239e+01
-8.781300000000000239e+01
-8.768800000000000239e+01
-8.756300000000000239e+01
-8.743800000000000239e+01
-8.731300000000000239e+01
-8.718800000000000239e+01
-8.706300000000000239e+01
-8.693800000000000239e+01
-8.681300000000000239e+01
-8.668800000000000239e+01
-8.656300000000000239e+01
-8.643800000000000239e+01
-8.631300000000000239e+01
-8.618800000000000239e+01
-8.606300000000000239e+01
-8.593800000000000239e+01
-8.581300000000000239e+01
-8.568800000000000239e+01
-8.556300000000000239e+01
-8.543800000000000239e+01
-8.531300000000000239e+01
-8.518800000000000239e+01
-8.506300000000000239e+01
-8.493800000000000239e+01
-8.481300000000000239e+01
-8.468800000000000239e+01
-8.456300000000000239e+01
-8.443800000000000239e+01
-8.431300000000000239e+01
-8.418800000000000239e+01
-8.406300000000000239e+01
-8.393800000000000239e+01
-8.381300000000000239e+01
-8.368800000000000239e+01
-8.356300000000000239e+01
-8.343800000000000239e+01
-8.331300000000000239e+01
-8.318800000000000239e+01
-8.306300000000000239e+01
-8.293800000000000239e+01
-8.281300000000000239e+01
-8.268800000000000239e+01
-8.256300000000000239e+01
-8.243800000000000239e+01
-8.231300000000000239e+01
-8.218800000000000239e+01
-8.206300000000000239e+01
-8.193800000000000239e+01
-8.181300000000000239e+01
-8.168800000000000239e+01
-8.156300000000000239e+01
-8.143800000000000239e+01
-8.131300000000000239e+01
-8.118800000000000239e+01
-8.106300000000000239e+01
-8.093800000000000239e+01
-8.081300000000000239e+01
-8.068800000000000239e+01
-8.056300000000000239e+01
-8.043800000000000239e+01
-8.031300000000000239e+01
-8.018800000000000239e+01
-8.006300000000000239e+01
-7.993800000000000239e+01
-7.981300000000000239e+01
-7.968800000000000239e+01
-7.956300000000000239e+01
-7.943800000000000239e+01
-7.931300000000000239e+01
-7.918800000000000239e+01
-7.906300000000000239e+01
-7.893800000000000239e+01
-7.881300000000000239e+01
-7.868800000000000239e+01
-7.856300000000000239e+01
-7.843800000000000239e+01
-7.831300000000000239e+01
-7.818800000000000239e+01
-7.806300000000000239e+01
-7.793800000000000239e+01
-7.781300000000000239e+01
-7.768800000000000239e+01
-7.756300000000000239e+01
-7.743800000000000239e+01
-7.731300000000000239e+01
-7.718800000000000239e+01
-7.706300000000000239e+01
-7.693800000000000239e+01
-7.681300000000000239e+01
-7.668800000000000239e+01
-7.656300000000000239e+01
-7.643800000000000239e+01
-7.631300000000000239e+01
-7.618800000000000239e+01
-7.606300000000000239e+01
-7.593800000000000239e+01
-7.581300000000000239e+01
-7.568800000000000239e+01
-7.556300000000000239e+01
-7.543800000000000239e+01
-7.531300000000000239e+01
-7.518800000000000239e+01
-7.506300000000000239e+01
-7.493800000000000239e+01
-7.481300000000000239e+01
-7.468800000000000239e+01
-7.456300000000000239e+01
-7.443800000000000239e+01
-7.431300000000000239e+01
-7.418800000000000239e+01
-7.406300000000000239e+01
-7.393800000000000239e+01
-7.381300000000000239e+01
-7.368800000000000239e+01
-7.356300000000000239e+01
-7.343800000000000239e+01
-7.331300000000000239e+01
-7.318800000000000239e+01
-7.306300000000000239e+01
-7.293800000000000239e+01
-7.281300000000000239e+01
-7.268800000000000239e+01
-7.256300000000000239e+01
-7.243800000000000239e+01
-7.231300000000000239e+01
-7.218800000000000239e+01
-7.206300000000000239e+01
-7.193800000000000239e+01
-7.181300000000000239e+01
-7.168800000000000239e+01
-7.156300000000000239e+01
-7.143800000000000239e+01
-7.131300000000000239e+01
-7.118800000000000239e+01
-7.106300000000000239e+01
-7.093800000000000239e+01
-7.081300000000000239e+01
-7.068800000000000239e+01
-7.056300000000000239e+01
-7.043800000000000239e+01
-7.031300000000000239e+01
-7.018800000000000239e+01
-7.006300000000000239e+01
-6.993800000000000239e+01
-6.981300000000000239e+01
-6.968800000000000239e+01
-6.956300000000000239e+01
-6.943800000000000239e+01
-6.931300000000000239e+01
-6.918800000000000239e+01
-6.906300000000000239e+01
-6.893800000000000239e+01
-6.881300000000000239e+01
-6.868800000000000239e+01
-6.856300000000000239e+01
-6.843800000000000239e+01
-6.831300000000000239e+01
-6.818800000000000239e+01
-6.806300000000000239e+01
-6.793800000000000239e+01
-6.781300000000000239e+01
-6.768800000000000239e+01
-6.756300000000000239e+01
-6.743800000000000239e+01
-6.731300000000000239e+01
-6.718800000000000239e+01
-6.706300000000000239e+01
